desc: I1 cache:         65536 B, 64 B, 2-way associative
desc: D1 cache:         16384 B, 64 B, 4-way associative
desc: LL cache:         1048576 B, 64 B, 16-way associative
cmd: ./stress.dg 10
events: Ir I1mr ILmr Dr D1mr DLmr Dw D1mw DLmw 
fl=/home/thomas/Skribist/source/LoadingTTF.c
fn=DrawOutlineWithIntel
0 81312 0 0 40656 0 0 0 0 0
584 203280 19639 2 20328 0 0 121968 0 0
585 20328 0 0 0 0 0 20328 0 0
586 40656 0 0 0 0 0 40656 0 0
588 101640 1 1 0 0 0 20328 0 0
590 347336 0 0 183832 0 0 51040 0 0
591 214984 0 0 122848 39 0 61424 0 0
593 30712 0 0 0 0 0 30712 0 0
595 1919368 20329 2 975040 0 0 0 0 0
596 3197656 0 0 1370424 253 0 913616 0 0
598 456808 0 0 0 0 0 456808 0 0
599 1827232 0 0 456808 0 0 0 0 0
600 541376 88 0 270688 0 0 135344 0 0
602 456808 20240 1 0 0 0 0 0 0
603 4007696 0 0 1717584 0 0 1145056 0 0
604 4580224 18253 1 1717584 0 0 1145056 0 0
605 1145056 0 0 0 0 0 1145056 0 0
606 2862640 0 0 1717584 0 0 0 0 0
607 2862640 1 1 1717584 0 0 0 0 0
608 5152752 1 1 2290112 0 0 1145056 0 0
609 2290112 0 0 1145056 0 0 1145056 0 0
610 1717584 0 0 572528 0 0 572528 0 0
611 1717584 0 0 572528 0 0 572528 0 0
612 1145056 0 0 572528 0 0 0 0 0
616 153560 0 0 61424 0 0 30712 0 0
618 60984 0 0 40656 0 0 0 0 0
fn=ExtendContour
0 3305280 1 1 2098800 0 0 0 0 0
517 5429160 1 1 603240 0 0 3619440 49 0
518 6585480 0 0 1206480 0 0 1495560 0 0
520 61424 1 1 0 0 0 0 0 0
521 92136 0 0 61424 0 0 30712 0 0
522 92136 1 1 61424 0 0 30712 0 0
523 61424 0 0 30712 0 0 30712 0 0
524 30712 0 0 0 0 0 0 0 0
526 505472 0 0 252736 0 0 0 0 0
527 614680 0 0 368808 0 0 245872 0 0
528 491744 1 1 368808 0 0 122936 101 0
529 368808 0 0 245872 0 0 122936 0 0
530 122936 0 0 0 0 0 0 0 0
532 389400 0 0 259600 0 0 129800 0 0
533 259600 0 0 129800 0 0 129800 0 0
534 129800 0 0 0 0 0 0 0 0
537 639584 0 0 319792 0 0 0 0 0
538 1038400 1 1 649000 0 0 389400 0 0
539 1168200 0 0 519200 0 0 519200 37 0
540 389400 0 0 259600 0 0 129800 0 0
541 259600 0 0 129800 0 0 129800 0 0
542 129800 0 0 0 0 0 0 0 0
544 949960 1 1 569976 0 0 379984 112 0
545 1519936 1 1 949960 0 0 569976 0 0
546 1709928 0 0 759968 0 0 759968 0 0
547 569976 0 0 379984 0 0 189992 0 0
548 569976 0 0 379984 0 0 189992 0 0
549 189992 0 0 0 0 0 0 0 0
553 1809720 1 1 1206480 0 0 0 0 0
fn=ExtractOffsets
0 1 1 1 1 0 0 0 0 0
44 6 1 1 1 0 0 3 0 0
45 1 0 0 0 0 0 1 0 0
46 1 0 0 0 0 0 1 0 0
47 2 0 0 2 0 0 0 0 0
48 1 0 0 0 0 0 1 0 0
49 8 1 1 2 0 0 2 0 0
50 2 0 0 1 0 0 0 0 0
51 8 1 1 2 0 0 2 0 0
52 2 0 0 1 0 0 0 0 0
53 8 1 1 2 0 0 2 0 0
54 2 0 0 1 0 0 0 0 0
55 8 0 0 2 0 0 2 0 0
56 2 1 1 1 0 0 0 0 0
57 8 0 0 2 0 0 2 0 0
58 2 0 0 1 0 0 0 0 0
59 8 1 1 2 0 0 2 0 0
60 2 0 0 1 0 0 0 0 0
61 8 1 1 2 0 0 2 0 0
62 2 0 0 1 0 0 1 0 0
63 9 0 0 5 0 0 1 0 0
fn=GetCoordinateAndAdvance
0 290752 0 0 0 0 0 0 0 0
565 8015392 1 1 0 0 0 4580224 0 0
566 2290112 0 0 1145056 0 0 1145056 0 0
567 4580224 2 1 1145056 0 0 0 0 0
568 3417216 0 0 854304 0 0 0 0 0
569 2587200 0 0 1724800 4470 50 431200 0 0
570 1724800 0 0 862400 0 0 431200 0 0
571 431200 1 1 0 0 0 0 0 0
572 2961728 0 0 1692416 4392 49 423104 0 0
573 1692416 0 0 846208 0 0 423104 0 0
575 2017312 0 0 290752 0 0 0 0 0
576 340648 0 0 194656 5196 59 97328 0 0
577 194656 0 0 97328 0 0 48664 0 0
579 4580224 1 1 3435168 0 0 0 0 0
fn=GetEncodingPriority
0 6 0 0 3 0 0 0 0 0
181 12 0 0 0 0 0 6 0 0
182 15 0 0 6 0 0 6 0 0
183 15 1 1 6 0 0 6 0 0
184 6 0 0 3 0 0 0 0 0
185 7 0 0 1 0 0 2 0 0
189 2 1 1 0 0 0 1 0 0
193 4 1 1 2 0 0 0 0 0
194 8 0 0 1 0 0 2 0 0
196 2 0 0 0 0 0 1 0 0
201 1 0 0 0 0 0 1 0 0
203 12 2 2 9 0 0 0 0 0
fn=GetOutlineAddr
420 528000 3 1 0 0 0 352000 0 0
421 440000 2 1 352000 1876 0 88000 0 0
422 352000 0 0 176000 0 0 88000 0 0
423 352000 0 0 176000 0 0 0 0 0
425 264000 2 1 176000 0 0 0 0 0
426 176000 0 0 88000 0 0 88000 475 0
427 704000 0 0 264000 1834 16 176000 0 0
428 88000 0 0 0 0 0 0 0 0
432 616000 1 1 528000 3 0 88000 0 0
433 88000 0 0 0 0 0 88000 0 0
434 352000 0 0 264000 0 0 0 0 0
fn=IsSupportedFormat
207 5 0 0 0 0 0 3 0 0
209 10 1 1 4 0 0 3 0 0
210 5 0 0 2 0 0 2 0 0
211 5 0 0 1 0 0 1 0 0
212 2 0 0 0 0 0 1 0 0
215 4 1 1 3 0 0 0 0 0
fn=Parse_cmap
0 1 0 0 0 0 0 0 0 0
239 4 1 1 0 0 0 2 0 0
240 5 0 0 4 0 0 1 0 0
241 2 0 0 1 0 0 1 0 0
243 9 1 1 2 1 1 2 0 0
244 2 0 0 1 0 0 0 0 0
247 1 0 0 0 0 0 1 0 0
248 5 0 0 2 0 0 2 0 0
249 25 1 1 11 0 0 4 0 0
250 18 0 0 6 0 0 3 0 0
251 9 0 0 3 0 0 6 0 0
253 11 0 0 6 0 0 0 0 0
254 5 1 1 2 0 0 1 0 0
256 2 0 0 1 0 0 1 0 0
257 2 0 0 1 0 0 1 0 0
259 5 1 1 1 0 0 1 0 0
260 2 0 0 1 0 0 0 0 0
263 11 1 1 4 0 0 4 0 0
265 2 0 0 1 0 0 1 0 0
266 4 0 0 3 0 0 0 0 0
fn=Parse_cmap_format4
0 1 0 0 0 0 0 0 0 0
218 5 0 0 0 0 0 3 0 0
219 2 0 0 1 0 0 1 0 0
221 6 1 1 5 0 0 1 0 0
222 2 0 0 1 0 0 1 0 0
223 3 0 0 1 0 0 1 0 0
225 5 0 0 2 0 0 2 0 0
226 1 0 0 0 0 0 0 0 0
227 8 1 1 2 0 0 2 0 0
229 5 0 0 3 0 0 1 0 0
230 4 0 0 2 0 0 1 0 0
231 7 1 1 4 0 0 1 0 0
232 6 0 0 4 0 0 1 0 0
233 7 0 0 5 0 0 1 0 0
235 3 0 0 2 0 0 0 0 0
fn=Parse_head
0 2 1 1 1 0 0 0 0 0
86 4 0 0 0 0 0 2 0 0
87 1 0 0 0 0 0 1 0 0
88 4 0 0 4 0 0 0 0 0
89 5 1 1 3 1 1 2 0 0
90 5 0 0 3 1 1 2 0 0
91 13 0 0 4 0 0 1 0 0
fn=Parse_hhea
113 4 0 0 0 0 0 2 0 0
114 1 0 0 0 0 0 1 0 0
115 4 1 1 4 0 0 0 0 0
116 5 0 0 3 0 0 2 0 0
117 6 1 1 3 1 1 2 0 0
118 4 0 0 2 0 0 0 0 0
fn=Parse_maxp
140 4 0 0 0 0 0 2 0 0
141 1 0 0 0 0 0 1 0 0
142 4 0 0 4 0 0 0 0 0
143 5 1 1 2 0 0 1 0 0
145 5 0 0 3 0 0 2 0 0
146 1 0 0 0 0 0 1 0 0
147 4 0 0 3 0 0 0 0 0
fn=ScanForOffsetEntry
0 34 0 0 0 0 0 0 0 0
26 49 1 1 0 0 0 35 0 0
27 35 0 0 14 1 0 14 0 0
28 17 0 0 0 0 0 0 0 0
29 264 1 1 96 0 0 48 0 0
30 48 0 0 24 0 0 0 0 0
31 84 1 1 35 3 3 14 0 0
32 84 0 0 35 0 0 14 0 0
33 14 0 0 0 0 0 7 0 0
34 34 1 1 17 0 0 0 0 0
36 68 0 0 51 0 0 0 0 0
39 68 0 0 34 0 0 17 0 0
41 28 0 0 21 0 0 0 0 0
fn=ScoutOutline
0 122144 0 0 0 0 0 0 0 0
465 220000 6512 1 0 0 0 132000 0 0
466 88000 0 0 44000 0 0 44000 0 0
468 88000 0 0 44000 0 0 44000 0 0
469 264000 0 0 132000 500 0 88000 0 0
470 179344 1 1 88000 0 0 23672 0 0
471 60984 0 0 20328 0 0 20328 0 0
473 40656 0 0 20328 0 0 20328 0 0
474 60984 0 0 40656 0 0 20328 0 0
475 142296 5309 1 60984 0 0 20328 0 0
477 101640 0 0 40656 1414 16 40656 0 0
478 121968 0 0 40656 0 0 20328 0 0
480 60984 0 0 40656 0 0 20328 0 0
482 20328 0 0 0 0 0 20328 0 0
483 20328 1 1 0 0 0 20328 0 0
485 347336 0 0 183832 0 0 51040 0 0
486 214984 0 0 122848 0 0 61424 0 0
488 1919368 1 1 975040 0 0 0 0 0
489 2740848 0 0 913616 24464 278 913616 0 0
490 456808 0 0 0 0 0 456808 0 0
491 1827232 0 0 456808 0 0 0 0 0
492 473704 0 0 203016 1056 12 135344 0 0
493 1827232 2 1 456808 0 0 0 0 0
494 1673320 0 0 669328 0 0 334664 0 0
495 488576 0 0 122144 0 0 0 0 0
496 81840 0 0 27280 0 0 13640 0 0
497 1370424 2 1 913616 0 0 456808 0 0
499 30712 0 0 0 0 0 0 0 0
501 60984 0 0 40656 0 0 20328 0 0
502 81312 0 0 60984 0 0 20328 0 0
504 20328 0 0 0 0 0 20328 0 0
505 176000 0 0 132000 0 0 0 0 0
fn=skrDrawOutline
0 88000 1 1 44000 0 0 0 0 0
622 484000 3 2 44000 8 0 352000 0 0
625 220000 0 0 88000 0 0 88000 0 0
626 88000 0 0 44000 0 0 0 0 0
627 264000 0 0 0 0 0 88000 0 0
628 176000 0 0 88000 0 0 88000 0 0
629 159016 1 1 67672 0 0 23672 0 0
630 121968 0 0 60984 0 0 20328 0 0
631 121968 1 1 60984 0 0 20328 0 0
632 81312 0 0 40656 0 0 40656 0 0
633 101640 0 0 40656 0 0 20328 0 0
634 20328 0 0 0 0 0 20328 0 0
635 396000 0 0 220000 0 0 44000 0 0
fn=skrGetOutlineBounds
0 44000 0 0 44000 0 0 0 0 0
438 440000 1 1 44000 0 0 308000 0 0
441 220000 1 1 88000 0 0 88000 0 0
442 88000 0 0 44000 0 0 0 0 0
443 88000 0 0 44000 0 0 44000 0 0
445 264000 1 1 132000 0 0 44000 0 0
446 264000 0 0 132000 0 0 44000 0 0
449 704000 1 1 220000 12308 135 132000 0 0
450 704000 1 1 220000 2112 24 132000 0 0
451 704000 1 1 220000 0 0 132000 0 0
452 704000 1 1 220000 3432 39 132000 0 0
454 44000 0 0 0 0 0 44000 0 0
455 396000 0 0 220000 0 0 44000 0 0
fn=skrInitializeFont
269 4 1 1 0 0 0 2 0 0
271 3 0 0 1 0 0 2 0 0
272 2 0 0 1 0 0 0 0 0
273 3 1 1 1 0 0 2 0 0
274 2 0 0 1 0 0 0 0 0
275 3 0 0 1 0 0 2 0 0
276 2 0 0 1 0 0 0 0 0
277 3 1 1 1 0 0 2 0 0
278 2 0 0 1 0 0 0 0 0
279 3 0 0 1 0 0 2 0 0
280 2 0 0 1 0 0 1 0 0
281 4 0 0 3 0 0 0 0 0
fl=/home/thomas/Skribist/source/Rasterizing.c
fn=CalcLinearToGamma
0 1025 1 1 1025 0 0 0 0 0
96 5125 1 1 1025 1 1 2050 0 0
98 2050 0 0 1025 0 0 0 0 0
99 8 0 0 4 0 0 4 0 0
100 4 0 0 0 0 0 0 0 0
101 7147 0 0 3063 1 0 2042 0 0
103 4100 1 1 3075 0 0 0 0 0
fn=CalcStepSize
0 899704 1 1 899704 548 0 0 0 0
2 2836392 1 1 0 0 0 1890928 40 0
3 3964896 0 0 945464 0 0 45760 0 0
4 5398224 0 0 1799408 0 0 899704 0 0
5 2836392 0 0 2836392 0 0 0 0 0
fn=DrawLine
0 1040856 0 0 1040856 7384 0 0 0 0
88 3122568 0 0 0 0 0 2081712 55 0
89 6198580 1 1 2081712 0 0 520428 0 0
90 1890928 0 0 1418196 0 0 472732 0 0
92 1561284 1 1 1040856 0 0 0 0 0
fn=FindFirstCrossing
0 45760 0 0 45760 0 0 0 0 0
8 5672784 1 1 0 0 0 3781856 0 0
9 3919136 0 0 945464 0 0 45760 0 0
10 3598816 1 1 899704 0 0 0 0 0
11 4497760 0 0 1799104 0 0 1349328 1181 0
13 5399136 0 0 2249640 0 0 1799712 1091 1
15 3781856 2 2 2836392 0 0 0 0 0
fn=RasterizeDot
0 8384500 2 2 6707600 0 0 0 0 0
20 11738300 0 0 0 0 0 10061400 0 0
22 12569584 0 0 5030700 0 0 3353800 0 0
23 12469324 0 0 5030700 0 0 3353800 0 0
25 1676900 0 0 0 0 0 0 0 0
26 3353800 0 0 0 0 0 0 0 0
28 8384500 0 0 3353800 0 0 1676900 0 0
29 8384500 0 0 5030700 0 0 1676900 0 0
31 6707600 0 0 3353800 0 0 1676900 0 0
32 37622824 2 2 15092100 0 0 6707600 30 0
34 35214900 1 1 11738300 4186 9 1676900 0 0
35 28507300 1 1 10061400 497 4 1676900 0 0
36 3353800 0 0 3353800 0 0 0 0 0
fn=RasterizeLine
0 4167532 0 0 4167532 0 0 0 0 0
48 2836392 2 2 0 0 0 1890928 0 0
49 1890928 0 0 945464 0 0 472732 0 0
50 1890928 0 0 945464 0 0 472732 0 0
53 1418196 0 0 472732 0 0 945464 1557 1
54 1418196 1 1 472732 0 0 945464 0 0
56 2363660 0 0 1418196 0 0 945464 0 0
57 2363660 0 0 1418196 0 0 945464 0 0
59 3781856 1 1 1418196 0 0 472732 0 0
60 2836392 0 0 472732 0 0 472732 0 0
62 14179496 2 2 2490632 0 0 2490632 0 0
64 4816672 1 1 2408336 0 0 0 0 0
65 1181472 0 0 590736 0 0 590736 0 0
66 1772208 0 0 1181472 0 0 590736 0 0
67 590736 0 0 0 0 0 0 0 0
68 1226864 0 0 613432 0 0 613432 0 0
69 1840296 0 0 1226864 0 0 613432 0 0
72 14450016 1 1 6020840 0 0 1204168 0 0
73 12041680 1 1 3612504 0 0 1204168 0 0
75 7225008 0 0 6020840 0 0 1204168 0 0
77 2408336 0 0 1204168 0 0 1204168 0 0
78 2408336 0 0 1204168 0 0 1204168 0 0
81 3781856 0 0 1418196 0 0 472732 0 0
82 2836392 0 0 472732 0 0 472732 0 0
84 2836392 0 0 2363660 0 0 472732 0 0
85 1418196 0 0 945464 0 0 0 0 0
fn=skrCalcCellCount
116 132000 0 0 0 0 0 88000 0 0
117 308000 0 0 176000 0 0 0 0 0
fn=skrCastImage
0 1490496 0 0 745248 0 0 0 0 0
124 162624 1 1 20328 0 0 101640 0 0
125 101640 1 1 20328 0 0 20328 0 0
127 731808 3 3 203280 0 0 223608 0 0
128 731808 2 2 203280 0 0 223608 0 0
130 321580 1 1 143628 0 0 54652 0 0
132 137296 0 0 34324 0 0 68648 0 0
134 6547272 2 2 2182424 0 0 738916 0 0
136 4227552 0 0 2113776 0 0 704592 0 0
137 2818368 0 0 1409184 1932 0 1409184 0 0
138 2818368 1 1 1409184 0 0 0 0 0
139 2818368 1 1 1409184 224 0 1409184 0 0
140 2818368 0 0 1409184 0 0 0 0 0
142 5636736 0 0 2818368 0 0 2113776 0 0
143 8455104 1 1 3522960 0 0 3522960 0 0
144 2818368 1 1 1409184 0 0 704592 0 0
146 4932144 1 1 2113776 0 0 2113776 1 0
147 5636736 0 0 2818368 0 0 2113776 0 0
148 6341328 1 1 2818368 0 0 2818368 0 0
150 5636736 1 1 2818368 0 0 2113776 0 0
152 3522960 1 1 1409184 0 0 704592 0 0
154 4932144 0 0 2113776 0 0 2113776 0 0
155 13387248 2 2 5245124 0 0 2818368 0 0
158 34324 0 0 0 0 0 0 0 0
159 60984 0 0 40656 0 0 0 0 0
fn=skrInitializeLibrary
109 3 1 1 0 0 0 1 0 0
110 6153 1 1 2051 0 0 1026 0 0
111 12300 0 0 4100 1 0 3075 17 16
113 3 0 0 2 1 0 0 0 0
fl=/home/thomas/Skribist/source/Reading.c
fn=ri16
14 1444970 0 0 0 0 0 577988 0 0
15 866982 0 0 288994 0 0 577988 298 0
16 1155976 0 0 866982 0 0 0 0 0
fn=ru16
0 438438 0 0 438438 0 0 0 0 0
7 3507504 1 1 438438 0 0 1315314 89 0
8 438438 0 0 0 0 0 438438 2824 0
9 3507504 1 1 1753752 0 0 876876 0 0
10 6576570 1 1 2630628 0 0 438438 0 0
fn=ru32
0 17 1 1 17 0 0 0 0 0
20 119 1 1 17 0 0 51 0 0
21 17 0 0 0 0 0 17 0 0
22 102 0 0 68 0 0 34 0 0
23 102 1 1 68 0 0 34 0 0
24 306 0 0 136 0 0 17 0 0
fl=/home/thomas/Skribist/source/Skribist.c
fn=CompareStrings
53 120 1 1 0 0 0 96 0 0
54 320 1 1 144 0 0 56 0 0
55 392 0 0 294 3 3 0 0 0
56 153 1 1 102 0 0 17 0 0
57 32 0 0 0 0 0 0 0 0
58 7 0 0 0 0 0 7 0 0
59 72 0 0 72 0 0 0 0 0
fn=Midpoint
62 3593136 1 1 0 0 0 2694852 2007 1
63 5389704 0 0 2694852 522 0 898284 0 0
64 4491420 0 0 1796568 0 0 898284 0 0
65 6287988 0 0 4491420 0 0 1796568 0 0
fl=/home/thomas/Skribist/source/Tesselating.c
fn=DrawCurve
0 1754360 1 1 1114776 596 0 0 0 0
23 2238544 1 1 319792 0 0 959376 5683 1
30 1918752 0 0 959376 0 0 959376 5021 1
31 319792 0 0 0 0 0 319792 0 0
32 2065160 1 1 794984 0 0 0 0 0
33 6177496 1 1 1900768 0 0 1900768 0 0
34 4751920 0 0 1425576 0 0 1900768 3068 1
35 1589968 1 1 1192476 0 0 397492 0 0
36 397492 0 0 0 0 0 0 0 0
37 155400 0 0 0 0 0 0 0 0
38 1010100 0 0 310800 0 0 310800 0 0
39 233100 0 0 77700 0 0 77700 0 0
42 959376 0 0 639584 0 0 0 0 0
fn=IsFlat
7 2375960 0 0 0 0 0 950384 0 0
8 2851152 0 0 1425576 0 0 1425576 0 0
9 1900768 1 1 950384 0 0 950384 0 0
10 4276728 0 0 1900768 0 0 0 0 0
fn=ManhattanDistance
0 1425576 0 0 1425576 0 0 0 0 0
2 1900768 1 1 0 0 0 1425576 0 0
3 11865160 2 2 4751920 0 0 1425576 0 0
fn=SplitCurve
14 543900 1 1 77700 0 0 233100 0 0
15 466200 0 0 233100 0 0 233100 487 0
16 543900 1 1 233100 0 0 233100 0 0
17 310800 0 0 155400 0 0 155400 0 0
18 932400 1 1 543900 0 0 388500 0 0
19 1165500 0 0 621600 0 0 388500 688 1
20 233100 0 0 155400 0 0 0 0 0
fl=/home/thomas/Skribist/stress/stress.c
fn=draw_outline
45 396000 1 0 44000 0 0 264000 0 0
47 264000 2 1 176000 0 0 44000 0 0
49 88000 0 0 44000 0 0 44000 0 0
50 176000 0 0 88000 0 0 44000 0 0
51 176000 1 1 88000 0 0 44000 0 0
53 88000 0 0 0 0 0 88000 0 0
54 132000 0 0 88000 0 0 0 0 0
55 132000 0 0 88000 0 0 0 0 0
57 176000 0 0 44000 0 0 132000 0 0
58 176000 1 1 44000 0 0 88000 10 0
59 308000 0 0 88000 0 0 88000 0 0
61 352000 1 1 264000 0 0 88000 0 0
63 88000 0 0 44000 0 0 0 0 0
64 60984 0 0 20328 579 0 20328 0 0
65 81312 0 0 60984 226 0 20328 0 0
68 88000 0 0 44000 0 0 44000 0 0
69 264000 1 1 132000 14 0 44000 0 0
70 132000 0 0 88000 4 0 0 0 0
fn=main
0 186 0 0 185 89 1 1 0 0
73 8 0 0 1 0 0 5 1 1
74 2 1 1 1 0 0 0 0 0
79 4 1 1 2 0 0 2 1 1
80 3 0 0 1 0 0 0 0 0
86 1 1 1 0 0 0 1 1 1
90 4 0 0 0 0 0 2 1 0
91 2 0 0 1 0 0 0 0 0
96 2 1 1 0 0 0 1 0 0
98 9 1 1 1 0 0 4 0 0
99 1 0 0 1 0 0 0 0 0
101 2 0 0 0 0 0 2 1 0
102 2 1 1 1 0 0 0 0 0
108 3 1 1 0 0 0 1 0 0
112 452 0 0 180 0 0 92 0 0
113 264264 1 1 88088 0 0 44088 0 0
114 352000 1 1 88000 0 0 176000 0 0
115 220000 0 0 132000 0 0 44000 0 0
117 88 1 1 0 0 0 0 0 0
119 12 0 0 0 0 0 4 0 0
120 36 1 1 4 0 0 20 0 0
121 16 1 1 8 0 0 0 0 0
122 3 0 0 0 0 0 1 0 0
123 7 0 0 3 1 0 2 0 0
124 9 1 1 2 0 0 2 0 0
126 3 0 0 1 1 0 2 0 0
128 1 1 1 0 0 0 1 0 0
129 9 0 0 5 1 0 1 0 0
fn=read_file
0 2 0 0 0 0 0 0 0 0
18 5 1 1 0 0 0 3 0 0
19 4 0 0 1 0 0 2 1 0
20 2 0 0 1 0 0 0 0 0
23 3 1 1 1 0 0 1 0 0
24 7 0 0 1 0 0 3 0 0
25 2 0 0 1 0 0 1 0 0
26 4 0 0 1 0 0 3 0 0
27 2 1 1 1 0 0 0 0 0
31 6 0 0 3 0 0 2 0 0
32 3 1 1 2 0 0 0 0 0
37 2 0 0 1 0 0 1 0 0
38 3 0 0 2 0 0 1 1 0
39 2 1 1 0 0 0 2 0 0
40 4 0 0 3 1 0 0 0 0
fn=time_in_seconds
13 32 0 0 8 0 0 16 0 0
14 88 0 0 48 0 0 0 0 0
fl=???
fn=(below main)
0 58 5 4 16 2 0 17 0 0
fn=???
0 5500051 55547 57 3145842 6286 592 12004 2 1
fn=_Exit
0 9 1 1 1 0 0 0 0 0
fn=_IO_cleanup
0 147 13 13 46 1 0 26 0 0
fn=_IO_default_finish
0 16 2 2 6 0 0 1 0 0
fn=_IO_default_setbuf
0 52 5 5 9 0 0 15 0 0
fn=_IO_default_xsputn
0 205 4 4 55 0 0 16 0 0
fn=_IO_do_write@@GLIBC_2.2.5
0 41 0 0 7 0 0 6 0 0
fn=_IO_doallocbuf
0 52 3 3 16 1 0 8 1 0
fn=_IO_file_close
0 3 1 1 1 0 0 0 0 0
fn=_IO_file_close_it@@GLIBC_2.2.5
0 55 6 6 10 0 0 16 0 0
fn=_IO_file_doallocate
0 116 5 5 28 6 0 14 1 0
fn=_IO_file_finish@@GLIBC_2.2.5
0 13 3 3 3 0 0 2 0 0
fn=_IO_file_fopen@@GLIBC_2.2.5
0 74 7 7 14 1 1 9 0 0
fn=_IO_file_open
0 33 3 3 6 0 0 7 0 0
fn=_IO_file_overflow@@GLIBC_2.2.5
0 990 6 6 261 0 0 151 0 0
fn=_IO_file_read
0 18 1 1 6 0 0 0 0 0
fn=_IO_file_seek
0 6 1 1 2 0 0 0 0 0
fn=_IO_file_seekoff@@GLIBC_2.2.5
0 288 17 17 78 0 0 49 0 0
fn=_IO_file_setbuf@@GLIBC_2.2.5
0 16 2 1 3 0 0 8 0 0
fn=_IO_file_stat
0 15 2 1 3 0 0 0 0 0
fn=_IO_file_sync@@GLIBC_2.2.5
0 18 4 4 7 0 0 3 0 0
fn=_IO_file_underflow@@GLIBC_2.2.5
0 56 6 6 18 1 0 14 0 0
fn=_IO_file_write@@GLIBC_2.2.5
0 111 3 3 24 0 0 15 0 0
fn=_IO_file_xsgetn
0 111 8 8 28 1 0 17 0 0
fn=_IO_file_xsputn@@GLIBC_2.2.5
0 712 8 7 146 0 0 58 1 0
fn=_IO_flush_all_lockp
0 115 12 12 34 7 2 20 1 0
fn=_IO_free_backup_area
0 24 2 2 10 1 0 10 0 0
fn=_IO_link_in
0 99 10 10 37 2 1 19 0 0
fn=_IO_new_file_init_internal
0 14 1 1 4 0 0 5 0 0
fn=_IO_no_init
0 34 4 4 5 0 0 20 2 2
fn=_IO_old_init
0 28 3 3 3 1 1 18 2 2
fn=_IO_seekoff_unlocked
0 77 3 3 14 1 0 6 0 0
fn=_IO_setb
0 68 1 1 17 0 0 16 0 0
fn=_IO_sgetn
0 15 2 2 3 0 0 1 0 0
fn=_IO_switch_to_get_mode
0 25 3 3 8 0 0 7 0 0
fn=_IO_un_link
0 8 0 0 3 0 0 0 0 0
fn=_IO_unsave_markers
0 6 2 2 3 0 0 0 0 0
fn=__GI__IO_un_link.part.1
0 88 12 12 31 2 0 15 1 0
fn=__GI___close_nocancel
0 24 2 2 4 0 0 0 0 0
fn=__GI___tunables_init
0 11755 7 7 2416 21 21 6 0 0
fn=__GI_strstr
0 47 5 5 14 1 1 7 0 0
fn=____strtod_l_internal
0 222 28 28 38 4 2 25 0 0
fn=__acos_finite
0 13 1 1 3 0 0 0 0 0
fn=__asin_finite
0 13 2 2 3 0 0 0 0 0
fn=__atan2_finite
0 16 2 2 3 0 0 0 0 0
fn=__call_tls_dtors
0 12 2 2 5 1 0 2 0 0
fn=__close_nocancel
0 6 1 1 1 0 0 0 0 0
fn=__ctype_init
0 17 3 3 10 5 0 3 0 0
fn=__cxa_atexit
0 3 1 1 0 0 0 0 0 0
fn=__cxa_finalize
0 177 7 6 51 2 1 21 0 0
fn=__default_morecore
0 48 1 1 6 0 0 6 0 0
fn=__exp_finite
0 16 2 2 3 0 0 0 0 0
fn=__fopen_internal
0 43 4 4 8 2 0 11 1 1
fn=__init_misc
0 25 2 2 7 1 0 5 2 0
fn=__internal_atexit
0 38 4 4 10 2 2 9 1 0
fn=__libc_alloca_cutoff
0 22 4 2 4 1 0 0 0 0
fn=__libc_csu_init
0 34 3 3 8 0 0 8 0 0
fn=__libc_scratch_buffer_set_array_size
0 54 2 2 15 0 0 9 0 0
fn=__log_finite
0 16 2 2 3 0 0 0 0 0
fn=__memcpy_sse2_unaligned_erms
0 5780502 12217 8 2069199 36 35 1364597 1439 36
fn=__mempcpy_sse2_unaligned
0 32 1 1 0 0 0 0 0 0
fn=__memset_sse2_unaligned
0 1387500 1 1 0 0 0 0 0 0
fn=__memset_sse2_unaligned_erms
0 8553175 74855 3 138750 0 0 4759948 67867 3396
fn=__mpn_cmp
0 12 2 2 3 0 0 0 0 0
fn=__mpn_construct_double
0 15 2 2 3 0 0 1 0 0
fn=__mpn_divrem
0 346 4 4 97 0 0 80 1 0
fn=__mpn_extract_double
0 40 3 3 2 0 0 8 0 0
fn=__mpn_lshift
0 48 2 2 6 0 0 3 1 0
fn=__mpn_mul_1
0 357 3 3 51 0 0 34 0 0
fn=__mpn_rshift
0 36 3 3 6 0 0 4 0 0
fn=__new_exitfn
0 30 5 5 8 2 0 5 0 0
fn=__open_nocancel
0 68 1 1 4 0 0 4 2 2
fn=__overflow
0 306 1 1 68 0 0 17 0 0
fn=__pow_finite
0 13 2 2 3 0 0 0 0 0
fn=__printf_fp
0 14 1 1 4 1 0 0 0 0
fn=__printf_fp_l
0 1528 64 64 321 12 8 188 2 0
fn=__read_nocancel
0 36 2 2 6 0 0 0 0 0
fn=__run_exit_handlers
0 105 9 9 25 4 0 15 1 0
fn=__sigjmp_save
0 9 0 0 2 0 0 2 0 0
fn=__sigsetjmp
0 159 5 5 35 2 0 62 3 3
fn=__strchrnul_sse2
0 150 5 5 15 2 1 0 0 0
fn=__strlen_sse2
0 51 1 1 6 2 1 0 0 0
fn=__strrchr_sse2
0 25 2 2 2 1 0 0 0 0
fn=__syscall_clock_gettime
0 20 1 1 5 0 0 0 0 0
fn=__tunable_get_val
0 436 5 3 80 15 0 20 0 0
fn=__underflow
0 34 3 3 11 1 0 3 0 0
fn=__unregister_atfork
0 48 4 4 18 2 2 0 0 0
fn=_dl_add_to_namespace_list
0 150 2 2 41 1 0 31 0 0
fn=_dl_add_to_slotinfo
0 21 3 3 8 1 0 5 0 0
fn=_dl_addr
0 59714 10 10 14330 1090 883 17 3 0
fn=_dl_allocate_tls_init
0 85 7 7 26 4 0 14 0 0
fn=_dl_allocate_tls_storage
0 324 3 3 7 0 0 295 37 37
fn=_dl_cache_libcmp
0 1395 4 4 219 18 18 0 0 0
fn=_dl_catch_error
0 23 2 2 8 0 0 7 0 0
fn=_dl_catch_exception
0 198 3 3 42 0 0 78 6 4
fn=_dl_cet_check
0 2 1 1 0 0 0 0 0 0
fn=_dl_check_all_versions
0 85 2 2 15 0 0 9 0 0
fn=_dl_check_map_versions
0 3334 18 18 1144 42 31 334 30 25
fn=_dl_count_modids
0 5 1 1 3 1 1 0 0 0
fn=_dl_debug_initialize
0 54 4 4 16 1 0 4 0 0
fn=_dl_debug_state
0 4 0 0 2 0 0 0 0 0
fn=_dl_determine_tlsoffset
0 67 6 6 13 0 0 8 0 0
fn=_dl_discover_osversion
0 75 4 4 11 1 1 4 1 1
fn=_dl_dst_count
0 108 2 2 36 0 0 36 2 2
fn=_dl_find_dso_for_object
0 51 3 3 20 5 0 4 0 0
fn=_dl_fini
0 318 12 12 100 26 0 36 5 0
fn=_dl_fixup
0 1494 6 6 532 88 6 120 1 0
fn=_dl_important_hwcaps
0 589 22 22 81 0 0 83 5 5
fn=_dl_init
0 92 5 5 27 2 0 12 0 0
fn=_dl_init_paths
0 105 9 9 14 0 0 30 2 2
fn=_dl_load_cache_lookup
0 571 18 18 109 16 16 70 1 1
fn=_dl_lookup_symbol_x
0 27611 16 11 5839 140 106 3313 22 4
fn=_dl_map_object
0 933 23 23 199 1 0 142 7 7
fn=_dl_map_object_deps
0 1363 30 30 284 12 1 139 8 8
fn=_dl_map_object_from_fd
0 3262 48 48 778 31 29 368 35 35
fn=_dl_name_match_p
0 4912 2 2 1226 24 0 704 8 2
fn=_dl_new_object
0 773 13 13 150 6 6 154 32 32
fn=_dl_next_ld_env_entry
0 202 2 2 70 0 0 1 0 0
fn=_dl_next_tls_modid
0 7 1 1 3 0 0 1 0 0
fn=_dl_process_pt_note
0 256 9 9 77 1 1 39 5 5
fn=_dl_protect_relro
0 110 2 2 30 0 0 10 0 0
fn=_dl_receive_error
0 16 1 1 5 0 0 7 0 0
fn=_dl_relocate_object
0 32613 51 50 8071 780 690 2915 278 253
fn=_dl_runtime_resolve_xsave
0 779 4 4 912 4 0 950 24 0
fn=_dl_setup_hash
0 120 2 2 35 6 6 30 0 0
fn=_dl_sort_maps
0 582 12 10 158 3 0 54 0 0
fn=_dl_start
0 999 19 18 242 37 35 83 38 37
fn=_dl_sysdep_read_whole_file
0 43 4 4 6 1 1 9 2 2
fn=_dl_sysdep_start
0 529 26 26 121 17 15 67 6 6
fn=_dl_sysdep_start_cleanup
0 2 1 1 1 0 0 0 0 0
fn=_dl_unload_cache
0 11 1 1 3 1 0 2 0 0
fn=_dl_vdso_vsym
0 76 2 2 28 3 0 8 0 0
fn=_fxstat
0 77 5 3 7 0 0 0 0 0
fn=_init
0 106 7 7 16 5 0 17 3 3
fn=_int_free
0 9091464 28 22 2544091 19587 0 1147277 32 0
fn=_int_malloc
0 15482389 114062 52 2638966 44955 1 2505384 6914 592
fn=_itoa_word
0 75 3 3 6 1 1 5 0 0
fn=_setjmp
0 3 1 1 0 0 0 0 0 0
fn=_start
0 12 1 1 2 1 0 3 0 0
fn=access
0 9 0 0 1 0 0 1 0 0
fn=allocate_dtv
0 19 2 2 5 0 0 5 1 1
fn=atof
0 3 1 1 0 0 0 0 0 0
fn=bcmp
0 12 2 2 4 0 0 0 0 0
fn=brk
0 54 6 4 9 0 0 5 1 1
fn=call_init.part.0
0 204 5 5 73 18 0 32 0 0
fn=calloc
0 6170060 11 11 1482431 2357 0 677746 154 2
fn=ceil
0 14 1 1 6 0 0 0 0 0
fn=ceilf
0 14 1 1 6 0 0 0 0 0
fn=check_match
0 6885 6 6 2348 135 53 802 18 0
fn=check_stdfiles_vtables
0 12 2 2 7 4 0 0 0 0
fn=clock_gettime
0 100 2 2 25 5 0 15 0 0
fn=cos
0 16 1 1 3 0 0 0 0 0
fn=cosf
0 9 1 1 3 0 0 0 0 0
fn=dl_cet_check
0 29 3 3 9 1 0 6 0 0
fn=dl_main
0 1234 69 67 309 44 24 141 20 16
fn=do_lookup_x
0 43458 32 15 14294 487 190 6136 20 4
fn=do_preload
0 28 3 3 8 0 0 8 0 0
fn=dso_name_valid_for_suid
0 14 2 2 5 0 0 2 0 0
fn=exit
0 6 2 2 0 0 0 1 0 0
fn=exp2f
0 9 1 1 3 0 0 0 0 0
fn=expand_dynamic_string_token
0 18 1 1 5 0 0 6 0 0
fn=expf
0 9 2 2 3 0 0 0 0 0
fn=fclose@@GLIBC_2.2.5
0 75 7 7 27 2 0 9 0 0
fn=floor
0 14 1 1 6 0 0 0 0 0
fn=floorf
0 14 1 1 6 0 0 0 0 0
fn=fopen@@GLIBC_2.2.5
0 3 1 1 0 0 0 0 0 0
fn=fread
0 55 5 5 19 0 0 8 0 0
fn=free
0 2024118 5 5 528034 1221 0 88007 0 0
fn=fseek
0 80 4 4 30 0 0 8 0 0
fn=ftell
0 45 5 5 15 0 0 4 0 0
fn=get_common_indeces.constprop.3
0 82 8 8 8 1 1 16 0 0
fn=gettimeofday
0 67 3 3 4 0 0 4 0 0
fn=hack_digit
0 627 5 5 224 0 0 102 0 0
fn=handle_intel.constprop.1
0 177 6 6 36 0 0 45 0 0
fn=handle_ld_preload
0 49 3 3 9 0 0 10 1 1
fn=index
0 301 6 6 39 5 5 0 0 0
fn=init_cacheinfo
0 248 15 15 20 1 0 21 3 3
fn=init_tls
0 76 5 5 18 7 1 13 0 0
fn=intel_check_word.isra.0
0 1277 8 8 111 6 6 24 0 0
fn=log2f
0 9 1 1 3 0 0 0 0 0
fn=logf
0 9 1 1 3 0 0 0 0 0
fn=lseek
0 30 2 2 5 0 0 0 0 0
fn=malloc
0 745 12 12 140 10 0 106 0 0
fn=malloc_consolidate
0 466477 9 9 115966 3269 0 48659 9 0
fn=malloc_hook_ini
0 12 2 2 3 1 1 3 0 0
fn=malloc_init_state
0 647 2 2 1 0 0 257 34 33
fn=map_doit
0 15 1 1 5 0 0 3 0 0
fn=memchr
0 9 1 1 3 0 0 0 0 0
fn=memcpy
0 325 5 5 87 2 1 61 13 13
fn=memcpy@@GLIBC_2.14
0 42 6 4 10 0 0 0 0 0
fn=memcpy@GLIBC_2.2.5
0 2818414 20329 1 6 1 1 4 1 0
fn=memmove
0 42 4 4 10 0 0 0 0 0
fn=mempcpy
0 57 4 4 5 0 0 0 0 0
fn=memrchr
0 9 1 1 3 0 0 0 0 0
fn=memset
0 507 8 4 20 2 0 184 41 41
fn=mmap
0 592 5 5 119 0 0 102 1 1
fn=mprotect
0 36 0 0 6 0 0 0 0 0
fn=munmap
0 12 3 3 2 0 0 0 0 0
fn=munmap_chunk
0 26 2 2 10 1 0 0 0 0
fn=new_do_write
0 159 5 5 48 0 0 39 0 0
fn=open
0 29 2 2 5 0 0 2 0 0
fn=open_verify.constprop.10
0 666 18 18 166 22 20 50 1 1
fn=openaux
0 90 1 1 40 0 0 15 0 0
fn=pow
0 19399 3 3 6126 1 0 3063 0 0
fn=powf
0 9 1 1 3 0 0 0 0 0
fn=printf
0 100 5 4 18 2 0 49 0 0
fn=ptmalloc_init.part.0
0 79 7 7 22 7 1 18 2 0
fn=rawmemchr
0 9 1 1 3 0 0 0 0 0
fn=read
0 30 2 2 6 0 0 0 0 0
fn=rindex
0 9 1 1 3 0 0 0 0 0
fn=rint
0 7 1 1 3 0 0 0 0 0
fn=rintf
0 7 2 2 3 0 0 0 0 0
fn=round
0 21520 2 2 1025 0 0 0 0 0
fn=round_and_return
0 73 7 7 13 0 0 11 0 0
fn=round_away
0 10 1 1 1 0 0 0 0 0
fn=rtld_lock_default_lock_recursive
0 18 2 1 12 2 1 0 0 0
fn=rtld_lock_default_unlock_recursive
0 18 0 0 12 1 0 0 0 0
fn=sbrk
0 166 8 5 47 6 1 24 0 0
fn=sin
0 16 2 2 3 0 0 0 0 0
fn=sincosf
0 9 1 1 3 0 0 0 0 0
fn=sinf
0 9 1 1 3 0 0 0 0 0
fn=stpcpy
0 6 1 1 3 0 0 0 0 0
fn=stpncpy
0 6 1 1 3 0 0 0 0 0
fn=str_to_mpn.isra.0
0 62 5 5 14 1 1 10 0 0
fn=strcasecmp
0 7 1 1 3 0 0 0 0 0
fn=strcasecmp_l
0 7 1 1 3 0 0 0 0 0
fn=strcat
0 6 2 2 3 0 0 0 0 0
fn=strchrnul
0 9 2 2 3 2 0 0 0 0
fn=strcmp
0 20290 47 42 3816 145 50 0 0 0
fn=strcpy
0 6 1 1 3 0 0 0 0 0
fn=strcspn
0 227 4 4 103 1 1 34 4 4
fn=strdup
0 54 1 1 9 0 0 12 0 0
fn=strlen
0 459 5 5 65 3 3 0 0 0
fn=strncasecmp
0 7 2 2 3 0 0 0 0 0
fn=strncasecmp_l
0 7 2 2 3 0 0 0 0 0
fn=strncmp
0 15 2 2 4 0 0 0 0 0
fn=strncpy
0 6 1 1 3 0 0 0 0 0
fn=strnlen
0 18 2 2 6 0 0 0 0 0
fn=strpbrk
0 7 1 1 3 0 0 0 0 0
fn=strspn
0 7 2 2 3 0 0 0 0 0
fn=strtod
0 5 1 1 2 0 0 0 0 0
fn=sysmalloc
0 322 22 22 78 7 1 48 6 4
fn=systrim.isra.1.constprop.10
0 577 3 3 207 0 0 92 0 0
fn=tcache_init.part.6
0 107 4 4 9 1 0 76 8 8
fn=time
0 67 3 3 4 1 1 4 0 0
fn=trunc
0 7 1 1 3 0 0 0 0 0
fn=truncf
0 7 2 2 3 0 0 0 0 0
fn=uname
0 6 2 2 1 0 0 0 0 0
fn=version_check_doit
0 11 1 1 4 0 0 2 0 0
fn=vfprintf
0 843 51 49 222 14 6 158 1 0
fn=wcschr
0 18 0 0 6 0 0 0 0 0
fn=wcscmp
0 9 2 2 3 0 0 0 0 0
fn=wcslen
0 9 2 2 3 0 0 0 0 0
fn=wcsnlen
0 12 1 1 4 1 0 0 0 0
fn=wmemchr
0 18 1 1 6 0 0 0 0 0
fn=wmemset
0 18 1 1 6 0 0 0 0 0
fn=write
0 30 1 1 6 0 0 0 0 0
summary: 704329398 368973 1647 272784954 161319 3591 159418394 102105 4665
